Tuesday 16-11-1993
NUMBER OF MEASUREMENTS:  96
ID: 12542

       1     2     3     4     5     6     7     8     9    10    11    12

A   0.059 0.098 2.275 1.846 1.221 0.820 0.039 2.080 0.068 0.156 0.000 1.943
B   0.168 2.361 0.256 2.680 0.005 1.597 0.098 0.186 0.127 2.480 2.002 2.119
C   0.078 1.914 1.680 0.195 0.177 1.924 1.924 2.031 0.293 0.166 0.830 1.709
D   1.357 1.113 1.064 0.410 0.088 0.156 2.344 0.137 0.059 0.449 0.098 0.059
E   0.078 0.117 0.313 0.117 0.039 1.592 0.127 1.982 0.098 0.078 0.088 2.363
F   1.514 0.547 0.137 0.830 0.536 1.084 1.328 2.207 1.357 1.807 0.908 0.693
G   0.957 0.107 0.098 0.234 0.049 1.696 0.537 0.342 1.584 0.908 0.117 0.049
H   0.166 2.324 1.572 1.465 0.039 0.059 0.039 0.117 2.393 1.445 1.490 0.334

Tuesday 16-11-1993
NUMBER OF MEASUREMENTS:  96
ID: 12543

       1     2     3     4     5     6     7     8     9    10    11    12

A   0.068 2.061 0.156 2.080 0.605 1.797 0.098 0.186 0.127 2.480 2.002 2.119
B   0.059 0.098 2.275 1.846 1.221 0.820 0.039 2.080 0.068 0.156 0.000 1.943
C   1.357 1.113 1.064 0.410 0.088 0.156 2.344 0.137 0.059 0.449 0.098 0.059
D   1.514 0.547 0.137 0.830 0.596 1.084 1.328 2.207 1.357 1.807 0.908 0.693
F   0.078 1.914 1.680 0.195 0.107 1.924 1.224 2.231 0.293 0.166 0.830 1.709
G   0.957 0.107 0.098 0.234 0.049 1.699 0.137 0.342 1.484 0.908 0.117 0.049
H   0.078 0.557 0.513 0.617 0.139 1.392 0.527 1.982 0.098 0.078 0.088 2.363
I   0.166 2.324 1.572 2.465 0.039 0.259 0.139 0.517 1.123 1.445 2.490 2.334
